HN|CLINIC|DATEOPD|TIMEOPD|SEQ|UUC|DETAIL|BTEMP|SBP|DBP|PR|RR|OPTYPE|TYPEIN|TYPEOUT
59000001||20241211|0001|IO056700569609|1||0|0|0|0|0||3|1
59000002||20241212|0001|IO056700578153|1||0|0|0|0|0||3|1
59000003||20241213|0001|IO056700569611|1||0|0|0|0|0||3|1
59000004||20241214|0001|IO056700569612|1||0|0|0|0|0||3|1
59000005||20241215|0001|IO056700569614|1||0|0|0|0|0||3|1
59000006||20241216|0001|IO056700569615|1||0|0|0|0|0||3|1
59000007||20241217|0001|IO056700569619|1||0|0|0|0|0||3|1
59000008||20241218|0001|IO056700569620|1||0|0|0|0|0||3|1
59000009||20241219|0001|IO056700569622|1||0|0|0|0|0||3|1
